      8.6539808932859993e-04  2.9409009042534988e+00 -2.5943018796889187e-03
      9.1703998685785067e-04 -1.6011549700270198e+01  2.3394900695670792e-02
      9.7176357085406752e-04  3.5744881442875943e+01 -9.4788276957649326e-02
      1.0297527383453413e-03 -3.7757106315924432e+01  2.2691001072682274e-01
      1.0912023602590584e-03  9.3473136197025823e+00 -3.5089001046319079e-01
      1.1563189362800372e-03  1.9033339982299864e+01  3.5156487780600920e-01
      1.2253212887867709e-03 -1.2661605454451131e+01 -1.9944834263388356e-01
      1.2984412981977341e-03 -1.2748226332108285e+01  9.2934841584492497e-03
      1.3759246821988440e-03  1.4990406695701228e+01  8.0487903314341400e-02
      1.4580318214706760e-03  1.1281142328156308e+01 -5.6915089094820473e-02
      1.5450386346902334e-03 -3.1418143470698915e+01  2.0754112366197140e-02
      1.6372375057477258e-03  2.1855208741183056e+01 -5.2752289071316724e-02
      1.7349382662942001e-03  4.2046889088172064e+00  1.3480607809143980e-01
      1.8384692369218950e-03 -2.0393966512115941e+01 -1.9390176829826766e-01
      1.9481783304761214e-03  1.7032143505608534e+01  1.8541250065167802e-01
      2.0644342212063735e-03 -3.8580356652519630e+00 -1.2381621143784564e-01
      2.1876275836855206e-03 -5.6649297714741849e+00  5.4354339095858371e-02
      2.3181724056604547e-03  6.2360136013396588e+00 -1.2703278969801036e-02
      2.4565073792460028e-03 -8.3490849628478236e-01  7.5606292474671667e-03
      2.6030973751371318e-03 -5.0766484346751737e+00 -2.7136485471638164e-02
      2.7584350047935471e-03  8.0694372296463239e+00  5.3831761983473669e-02
      2.9230422758462992e-03 -7.6935176185283876e+00 -7.4630142123752741e-02
      3.0974723462894142e-03  5.2645404543516356e+00  8.4132543882817490e-02
      3.2823113833513823e-03 -2.3782322955629365e+00 -8.2809146714071608e-02
      3.4781805332932715e-03  9.4889866880912957e-02  7.3938160851563045e-02
      3.6857380087528253e-03  1.2116654328199215e+00 -6.1199425681171156e-02
      3.9056813006490996e-03 -1.6417884659689157e+00  4.7469078948662931e-02
      4.1387495220805990e-03  1.5057834723151682e+00 -3.4504740363991600e-02
      4.3857258920935501e-03 -1.1203760891336318e+00  2.3131040321850923e-02
      4.6474403676669777e-03  7.2026276187354543e-01 -1.3541386729027854e-02
      4.9247724327591965e-03 -4.2933080925277634e-01  5.6046389528741723e-03
      5.2186540537883640e-03  2.8805192538472713e-01  9.4868999970928710e-04
      5.5300728114787518e-03 -2.7659091101322109e-01 -6.3823144150424197e-03
      5.8600752195973656e-03  3.5407713253163997e-01  1.0916013706503880e-02
      6.2097702417332869e-03 -4.7024156073169204e-01 -1.4674797304158113e-02
      6.5803330179379140e-03  5.8860792501327330e-01  1.7718295744405626e-02
      6.9730088137492235e-03 -6.8044071773840686e-01 -2.0019903962139828e-02
      7.3891172048707945e-03  7.3655790457118675e-01  2.1527205368089088e-02
      7.8300565115679097e-03 -7.5162322947691484e-01 -2.2146344675742783e-02
      8.2973084976825911e-03  7.3325183694616203e-01  2.1818397801718160e-02
      8.7924433500582641e-03 -6.8409404812150021e-01 -2.0490066678746605e-02
      9.3171249551074840e-03  6.1453755587397862e-01  1.8192266180521638e-02
      9.8731164902542481e-03 -5.2637521704867785e-01 -1.4980583844186619e-02
      1.0462286349041011e-02  4.3056071607300717e-01  1.1010978980880042e-02
      1.1086614419811350e-02 -3.3075042826746959e-01 -6.4443814660065987e-03
      1.1748198739067706e-02  2.4295113518242900e-01  1.5277695006672171e-03
      1.2449262541862684e-02 -1.7495914668718970e-01  3.5330458906965025e-03
      1.3192161732916357e-02  1.4563668508748223e-01 -8.4705771840568531e-03
      1.3979392803566313e-02 -1.5958942337861728e-01  1.3108914439986194e-02
      1.4813601221154805e-02  2.2803951610250214e-01 -1.7221867493119523e-02
      1.5697590319045676e-02 -3.4137113973790351e-01  2.0710704038099260e-02
      1.6634330717145287e-02  4.9500151420335881e-01 -2.3408491456826233e-02
      1.7626970304585262e-02 -6.6178261762590984e-01  2.5288956720086086e-02
      1.8678844818113226e-02  8.2434587500636813e-01 -2.6209740280114857e-02
      1.9793489051740033e-02 -9.4684497206320850e-01  2.6174636803782170e-02
      2.0974648735313347e-02  1.0129796486960658e+00 -2.5019745451614610e-02
      2.2226293121934811e-02 -9.9460843806217680e-01  2.2763818007090642e-02
      2.3552628326520907e-02  8.9322436093423485e-01 -1.9236966795467214e-02
      2.4958111460330876e-02 -7.0193252700919218e-01  1.4543841467007440e-02
      2.6447465608960899e-02  4.4800785782723024e-01 -8.6058186512817866e-03
      2.8025695704137057e-02 -1.4563810847074682e-01  1.7388445036827279e-03
      2.9698105342644446e-02 -1.6042854438266929e-01  5.9475175152454056e-03
      3.1470314608911261e-02  4.5063594218810060e-01 -1.3858858000814480e-02
      3.3348278961140808e-02 -6.8208273258030672e-01  2.1717035743686768e-02
      3.5338309244457286e-02  8.4917280044622867e-01 -2.8728146980740246e-02
      3.7447092898318914e-02 -9.2524866098670977e-01  3.4618382321359414e-02
      3.9681716429465920e-02  9.2605333674741674e-01 -3.8589415362144018e-02
      4.2049689225922081e-02 -8.4020318975565766e-01  4.0605650747124480e-02
      4.4558968792077200e-02  6.9825702250673360e-01 -4.0040010146685817e-02
      4.7217987489651163e-02 -4.9466541040120837e-01  3.7252760701586909e-02
      5.0035680874402966e-02  2.6699627898560302e-01 -3.1845366042574270e-02
      5.3021517723808191e-02 -1.0425289392013091e-02  2.4626448166563973e-02
      5.6185531856613354e-02 -2.3199339282708034e-01 -1.5399552426637870e-02
      5.9538355851194609e-02  4.6548580999443495e-01  5.4375946998696445e-03
      6.3091256776031293e-02 -6.4361801734018609e-01  5.3156024437750783e-03
      6.6856174052365061e-02  7.7802528228871770e-01 -1.5147987049656432e-02
      7.0845759576281100e-02 -8.2728408659226005e-01  2.4144092954791835e-02
      7.5073420235040766e-02  8.1977486067299088e-01 -3.0322454423107423e-02
      7.9553362960539720e-02 -7.2711168165058615e-01  3.4164036820069764e-02
      8.4300642471293971e-02  5.9922920421103176e-01 -3.3752110665456352e-02
      8.9331211863387369e-02 -4.1919802334933798e-01  3.0454251468261268e-02
      9.4661976220392116e-02  2.5224834588611794e-01 -2.2726832403235541e-02
      1.0031084942241468e-01 -8.1215977423308966e-02  1.3173972191698184e-02
      1.0629681434517463e-01 -2.6521775156465442e-02 -6.1198488021956638e-04
      1.1263998665141134e-01  1.0283517811991905e-01 -1.1156859587393054e-02
      1.1936168238898959e-01 -8.9588788679477893e-02  2.3448480557108430e-02
      1.2648448962286443e-01  4.2309738550679724e-02 -3.1693970304487749e-02
      1.3403234434162306e-01  8.5039098429950180e-02  3.8175202797637316e-02
      1.4203061089368516e-01 -2.1426195661125755e-01 -3.8096511695020874e-02
      1.5050616722346527e-01  3.8655610948377167e-01  3.5523940376205460e-02
      1.5948749519393096e-01 -5.1047279104353727e-01 -2.5681769603393460e-02
      1.6900477629908314e-01  6.3535542057890049e-01  1.4871698800555768e-02
      1.7908999308799756e-01 -6.6784247853806966e-01  1.9979657542526078e-03
      1.8977703664125978e-01  6.7690520929464859e-01 -1.6445461228639366e-02
      2.0110182046096561e-01 -5.7407890513405435e-01  3.4804157812831873e-02
      2.1310240115701065e-01  4.5338651013720427e-01 -4.6775375761842153e-02
      2.2581910633523181e-01 -2.3111109703147792e-01  6.1118200515730012e-02
      2.3929467011716551e-01  2.4951181558315164e-02 -6.5909536902313062e-02
      2.5357437674683231e-01  2.5083265039871505e-01  7.3321128784985937e-02
      2.6870621276713497e-01 -4.6175688490588346e-01 -6.9414057877221505e-02
      2.8474102827725389e-01  7.0643984925319792e-01  7.0370589518107152e-02
      3.0173270781294109e-01 -8.4194973200208079e-01 -5.9216837163303011e-02
      3.1973835142395063e-01  9.8946254117088439e-01  5.6554168788141936e-02
      3.3881846655711167e-01 -1.0019955840155554e+00 -4.0978044173988322e-02
      3.5903717138986119e-01  1.0276064954065356e+00  3.8101364792560002e-02
      3.8046241029753231e-01 -9.1375863911068800e-01 -2.0585522517621902e-02
      4.0316618217847139e-01  8.3475455403457077e-01  2.0120099606383411e-02
      4.2722478240426226e-01 -6.2735571572647475e-01 -1.9049322246482391e-03
      4.5271905920812522e-01  4.8955388831080970e-01  5.3241338804303579e-03
      4.7973468537307695e-01 -2.4159160824786630e-01  1.3570856361403087e-02
      5.0836244613285009e-01  1.0276516732702862e-01 -5.5923989945213552e-03
      5.3869854425305708e-01  1.2845901291114731e-01  2.5894154083909257e-02
      5.7084492331781356e-01 -2.1334645201487507e-01 -1.2922248587888409e-02
      6.0490961030821666e-01  3.7968698671962275e-01  3.5618354586786839e-02
      6.4100707862390482e-01 -3.7061047720184209e-01 -1.7003360528049939e-02
      6.7925863276761955e-01  4.4339849470339188e-01  4.3022725438731875e-02
      7.1979281598549472e-01 -3.2357508234617827e-01 -1.7645011197146759e-02
      7.6274584223293274e-01  2.9943803564877935e-01  4.7768241878028611e-02
      8.0826205391767891e-01 -7.8880212351437246e-02 -1.4049677953383265e-02
      8.5649440695832624e-01 -1.9104720562573448e-02  4.9091055318046188e-02
      9.0760498478827534e-01  3.0435097568782410e-01 -5.2683633863208363e-03
      9.6176554303244366e-01 -4.2984891306778411e-01  4.6414441155111348e-02
      1.0191580866870980e+00  7.2336555816269954e-01  9.1241703459951397e-03
      1.0799754817424019e+00 -8.1619362079502356e-01  3.9913805100797235e-02
      1.1444221033030229e+00  1.0543117310554064e+00  2.8596805342192024e-02
      1.2127145223847844e+00 -1.0578590706223816e+00  3.0730321739448313e-02
      1.2850822336953298e+00  1.1895052768055798e+00  5.1517346014158583e-02
      1.3617684268444765e+00 -1.0718193555114870e+00  2.0975208649522986e-02
      1.4430308035758967e+00  1.0772898489195641e+00  7.5118327204196866e-02
      1.5291424437664067e+00 -8.4587432452265476e-01  1.3541486861263290e-02
      1.6203927231030282e+00  7.4439080030789706e-01  9.5760706478136323e-02
      1.7170882855216512e+00 -4.4615070529233508e-01  1.1402725045894055e-02
      1.8195540736751497e+00  2.8682084983735318e-01  1.0973608465649456e-01
      1.9281344208938087e+00  8.2939170614400939e-03  1.6411560376706415e-02
      2.0431942083075656e+00 -1.6883938146223265e-01  1.1426070742142862e-01
      2.1651200910185380e+00  3.9300035494607322e-01  2.8227223281750528e-02
      2.2943217974443613e+00 -5.1482136074257900e-01  1.0797410262618666e-01
      2.4312335061987356e+00  6.2329619686190174e-01  4.3978385494275379e-02
      2.5763153051361516e+00 -6.9622558713787530e-01  9.0725320080324787e-02
      2.7300547374638833e+00  6.7496804272779898e-01  5.8653313909928173e-02
      2.8929684401168863e+00 -7.1570273534446238e-01  6.3105803119494472e-02
      3.0656038799013454e+00  5.7695431741807079e-01  6.5928905008392644e-02
      3.2485411932411106e+00 -6.1516024246324863e-01  2.6247682455563526e-02
      3.4423951357094400e+00  3.8920253193371979e-01  5.9540921226761807e-02
      3.6478171478974026e+00 -4.5069336667066695e-01 -1.7894420884623653e-02
      3.8654975445612241e+00  1.8046877042434983e-01  3.5559848043714481e-02
      4.0961678344051435e+00 -2.7272443035744148e-01 -6.5519738411042291e-02
      4.3406031782953516e+00  1.1743469326070699e-02 -4.4898235878073050e-03
      4.5996249941657537e+00 -1.1375795680684241e-01 -1.0896596071977194e-01
      4.8741037173692829e+00 -7.8114218959938725e-02 -5.0523773904607563e-02
      5.1649617257508460e+00  1.7793931346752938e-02 -1.3450891685830196e-01
      5.4731764392714926e+00 -8.6752950891340330e-02 -8.2865329787462139e-02
      5.7997836046000568e+00  1.3350930011512069e-01 -1.2297442283926258e-01
      6.1458807757100100e+00 -5.5146944646699912e-02 -7.7283347351389434e-02
      6.5126310021779785e+00  2.4416245486601368e-01 -5.8314028202240853e-02
      6.9012667375783527e+00 -5.5189337954832662e-02 -2.0887195497134744e-02
      7.3130939811080342e+00  3.3287701959661359e-01  5.2057921468293522e-02
      7.7494966663591232e+00 -1.5321459460785444e-01  6.2588264231518156e-02
      8.2119413119879106e+00  3.5798129320409866e-01  1.5375934349056944e-01
      8.7019819499085624e+00 -3.5424182918885405e-01  9.9791656729919728e-02
      9.2212653475726523e+00  3.1380784453996469e-01  1.5459360432329439e-01
      9.7715365418837443e+00 -5.5304144724170912e-01  1.4423741845403786e-02
      1.0354644703343620e+01  2.9962070059960788e-01  1.4266083506980011e-02
      1.0972549350136564e+01 -5.7354065491883099e-01 -1.4629786891717000e-01
      1.1627326933033721e+01  4.4290144776657486e-01 -1.2856173044708805e-01
      1.2321177813246187e+01 -3.8923979795078345e-01 -1.5195602955634921e-01
      1.3056433656675409e+01  6.3197967217308759e-01 -4.7007546070691325e-02
      1.3835565269409395e+01 -3.2243626751058763e-01  1.1061611965447406e-01
      1.4661190900795322e+01  5.2805570160612103e-01  1.1680399517662005e-01
      1.5536085041991162e+01 -5.9251521695925269e-01  2.3668200096705780e-01
      1.6463187749563222e+01  3.0979339336104345e-01 -1.2839566365617355e-01
      1.7445614525461654e+01 -6.1613981215009750e-01  1.4060246181278536e-02
      1.8486666786575007e+01  5.8245850990807357e-01 -4.0116268263914218e-01
      1.9589842959046546e+01 -2.8636030615065061e-01  2.6560209263762663e-01
      2.0758850234634689e+01  5.5790697425912850e-01 -1.2911788528444704e-01
      2.1997617028624003e+01 -5.7901773799499567e-01  5.1900179937197854e-01
      2.3310306181151763e+01  1.7782033036600131e-01 -5.3076170268299439e-01
      2.4701328946312302e+01 -2.2481593291744587e-01  2.3881773164283832e-01
      2.6175359816049301e+01  4.5702794050204287e-01 -4.2137779198430042e-01
      2.7737352228651492e+01 -2.0826949912208539e-01  7.4250232053885568e-01
      2.9392555214639199e+01 -1.6394638138342860e-01 -6.0394913774768022e-01
      3.1146531035980434e+01  1.2194710516264388e-01  2.9665512519775500e-01
      3.3005173877911851e+01  1.3159072464651664e-01 -3.1577634141932981e-01
      3.4974729656178724e+01 -1.5619229514837538e-01  5.8426783778574753e-01
      3.7061817006254685e+01 -9.0001739665001843e-02 -7.3753861631948603e-01
      3.9273449525075897e+01  3.5556519534265918e-01  6.3217871902939649e-01
      4.1617059340031311e+01 -4.5946711073877183e-01 -3.8717681163882428e-01
      4.4100522084412965e+01  4.0511836095538023e-01  1.6351534048604066e-01
      4.6732183363254755e+01 -2.8265943125085291e-01 -3.1340304444809161e-02
      4.9520886798497713e+01  1.6646282313428790e-01 -2.0079643121110376e-02
      5.2476003747727113e+01 -8.5733865484332192e-02  2.7470603098252222e-02
      5.5607464796349447e+01  3.9408971447754675e-02 -1.9690275739282729e-02
      5.8925793129039050e+01 -1.6323963197893979e-02  1.0801602006227580e-02
      6.2442139892596771e+01  6.0953994796495783e-03 -4.9177415731406441e-03
      6.6168321669058088e+01 -2.0341972102517038e-03  1.9008725026052626e-03
      7.0116860184976289e+01  5.9595850076711034e-04 -6.2280377914515194e-04
      7.4301024390324429e+01 -1.4893966881128774e-04  1.6982801698989117e-04
      7.8734875048419113e+01  3.0404296930566840e-05 -3.7180883951067433e-05
      8.3433311986711118e+01 -4.7357296423311196e-06  6.1391409180524980e-06
      8.8412124167226310e+01  4.9829026546941624e-07 -6.7968094411055330e-07
      9.3688042744917595e+01 -2.6459629187907461e-08  3.7808071269749755e-08